2.000000000000000000e+00 6.000000000000000000e+00
3.000000000000000000e+00 2.360000000000000000e+02
4.450000000000000000e+02 2.320000000000000000e+02
4.470000000000000000e+02 2.600000000000000000e+01
4.740000000000000000e+02 2.600000000000000000e+01
4.790000000000000000e+02 2.800000000000000000e+01
4.800000000000000000e+02 2.950000000000000000e+02
5.580000000000000000e+02 2.940000000000000000e+02
5.550000000000000000e+02 6.000000000000000000e+00
2.000000000000000000e+00 6.000000000000000000e+00
