4.207746347085689759e-02 1.360361472643245229e+01
6.313371634809032684e-02 8.114435618232556990e+00
9.365697863853846172e+00 8.209895124106381559e+00
9.407792773587502211e+00 1.312629138309146981e+01
9.976049792202738686e+00 1.312629120878024835e+01
1.008128255046933397e+01 1.307855911941875071e+01
1.010232569958938598e+01 6.706338873775911757e+00
1.174395482367622279e+01 6.730203982910238025e+00
1.168082140381853762e+01 1.360361133931612798e+01
4.207746347085689759e-02 1.360361472643245229e+01
